0000001 14.06669 
0000002 2.978312 
0000003 9.681313 
0000004 4.3 
0000005 5.433312 
0000006 14.46669 
0000007 5.566688 
0000008 7.433312 
0000009 7.533312 
0000010 7.266687 
0000011 5.233313 
0000012 8.766687 
0000014 2.1 
0000015 1.340937 
0000016 5.985625 
0000017 2.835125 
0000019 4.233812 
0000023 2.088 
0000024 5.081125 
0000025 2.160813 
0000026 1.157375 
0000027 4.861813 
0000028 4.87525 
0000029 3.72275 
0000030 2.1965 
0000031 1.660187 
0000032 7.116875 
0000033 10.68412 
0000034 8.442625 
0000035 11.43662 
0000036 5.965813 
0000037 4.690375 
0000038 4.06875 
0000039 4.461563 
0000040 5.69625 
0000041 1.821813 
0000042 2.955312 
0000043 8.217188 
0000044 10.891 
0000045 5.605563 
0000046 2.436625 
0000047 5.430562 
0000048 1.021688 
0000049 6.034563 
0000050 1.293062 
0000051 1.04825 
0000052 3.7115 
0000053 6.861688 
0000054 1.255125 
0000055 5.8985 
0000056 10.28044 
0000057 6.14925 
0000058 10.696 
0000059 3.89825 
0000060 2.94525 
0000061 2.272563 
0000062 10.81519 
0000063 2.211625 
0000064 3.797937 
0000065 9.615812 
0000066 3.253687 
0000067 4.284062 
0000068 4.730813 
0000069 3.098438 
0000070 4.094625 
0000071 0.878 
0000072 5.567688 
0000073 1.568625 
0000074 15.12081 
0000075 8.536375 
0000076 14.32531 
0000077 8.520375 
0000078 11.002 
0000079 7.100313 
0000081 14.21762 
0000082 10.66537 
0000083 8.474063 
0000084 12.76731 
0000085 11.72888 
0000086 5.7485 
0000087 11.68094 
0000088 5.7485 
0000089 8.990625 
0000090 7.638 
0000091 15.46931 
0000092 6.2275 
0000093 5.828312 
0000094 3.345125 
0000095 14.4285 
0000096 3.457562 
0000097 4.901312 
0000098 10.97513 
0000099 11.25475 
0000100 2.427125 
0000101 14.28931 
0000102 4.690625 
0000103 1.332188 
0000104 10.75387 
0000105 14.11987 
0000106 13.17431 
0000107 12.93706 
0000108 6.974813 
0000109 11.15187 
0000110 7.4255 
0000111 3.2335 
0000112 6.480375 
0000113 13.1525 
0000114 4.311375 
0000115 10.2645 
0000116 5.132187 
0000117 10.85312 
0000118 10.14031 
0000119 14.35163 
0000120 8.574813 
0000121 16.666 
0000122 8.958062 
0000123 13.88831 
0000124 5.350375 
0000126 11.20956 
0000127 12.71106 
0000128 1.077813 
0000129 4.9045 
0000130 1.08025 
0000131 9.63675 
0000132 4.787625 
0000133 11.2545 
0000134 7.373562 
0000135 7.0505 
0000136 1.833125 
0000137 10.93987 
0000138 6.340312 
0000139 3.766687 
0000140 3.5 
0000141 5.317875 
0000142 5.7 
0000143 12.50937 
0000144 5.600187 
0000145 1.036813 
0000146 3.262875 
0000149 5.147 
0000150 4.566688 
0000151 6.27575 
0000152 3.11275 
0000153 4.9 
0000154 14.57681 
0000155 8.271625 
0000156 4.245937 
0000157 22.34294 
0000159 11.17562 
0000160 5.708562 
0000161 3.008 
0000162 4.61075 
0000163 10.09975 
0000164 16.7085 
0000165 2.9265 
0000166 2.17275 
0000167 4.958375 
0000168 8.246187 
0000169 14.844 
0000170 16.23831 
0000171 5.184062 
0000172 11.09081 
0000173 8.840938 
0000174 9.41525 
0000175 1.171 
0000176 2.032938 
0000177 2.287062 
0000178 2.302938 
0000179 0.974125 
0000180 2.464937 
0000182 8.767062 
0000183 4.021625 
0000184 7.01375 
0000185 10.82431 
0000186 5.222188 
0000187 15.95156 
0000188 4.243813 
0000189 14.18006 
0000190 5.057375 
0000192 15.33625 
0000193 14.927 
0000194 11.9195 
0000195 12.50088 
0000196 13.00813 
0000197 11.27462 
0000198 14.671 
0000199 9.258125 
0000201 8.812875 
0000202 5.500688 
0000203 11.62044 
0000204 11.23038 
0000205 10.26919 
0000207 9.932875 
0000208 4.812 
0000214 8.2945 
0000216 7.5565 
0000217 4.039937 
0000218 5.577188 
0000219 4.53775 
0000221 4.427063 
0000222 5.027937 
0000223 10.05406 
0000224 7.173125 
0000225 2.202375 
0000226 11.75256 
0000227 8.441625 
0000228 8.035875 
0000229 7.177 
0000230 8.057875 
0000232 12.35919 
0000234 8.892187 
0000235 13.61269 
0000236 13.34225 
0000240 9.826438 
0000241 8.026 
0000242 7.904188 
0000243 6.87225 
0000245 7.552875 
0000246 3.4215 
0000247 7.989563 
0000248 12.06494 
0000249 14.09575 
0000251 2.332813 
0000252 2.6835 
0000254 3.635937 
0000255 2.503 
0000256 1.802187 
0000257 5.19775 
0000258 3.512938 
0000259 4.95325 
0000260 6.403812 
0000261 4.29975 
0000262 4.255188 
0000263 3.641062 
0000264 6.560438 
0000265 2.87625 
0000266 2.97725 
0000267 6.960063 
0000268 3.572 
0000269 3.12875 
0000270 9.300563 
0000271 14.14087 
0000272 7.648 
0000273 6.666187 
0000274 3.860625 
0000275 1.283313 
0000276 8.984375 
0000281 15.08113 
0000282 10.50981 
0000283 5.836625 
0000284 10.737 
0000285 12.43587 
0000286 10.81287 
0000287 6.586812 
0000291 4.479 
0000292 4.780437 
0000293 4.034313 
0000295 8.09625 
0000297 9.11175 
0000298 7.840938 
0000299 9.088938 
0000300 2.536125 
0000301 2.389 
0000302 5.598625 
0000303 6.021688 
0000304 1.5935 
0000305 2.731688 
0000306 4.534875 
0000307 3.114125 
0000308 2.861875 
0000309 6.6125 
0000311 3.600812 
0000312 5.093812 
0000313 7.709188 
0000314 3.85725 
0000315 4.26825 
0000316 2.624187 
0000317 2.04875 
0000319 3.952063 
0000320 8.631375 
0000321 12.06188 
0000322 2.8455 
0000323 2.71375 
0000324 5.401187 
0000325 2.086688 
0000326 4.344313 
0000327 5.102 
0000328 5.027062 
0000329 2.019063 
0000330 6.323312 
0000332 4.354625 
0000333 1.610125 
0000334 2.877125 
0000336 1.327875 
0000337 12.10287 
0000338 7.243688 
0000343 3.115125 
0000347 6.24525 
0000348 15.10219 
0000349 8.065812 
0000351 3.824 
0000353 4.619937 
0000354 1.692438 
0000356 1.95775 
0000359 14.07812 
0000360 5.29075 
0000361 5.585625 
0000362 2.616437 
0000364 5.943937 
0000365 6.12575 
0000366 3.952063 
0000367 6.390812 
0000368 11.56413 
0000369 6.093187 
0000372 8.367063 
0000374 4.6635 
0000375 4.894375 
0000377 6.474062 
0000378 3.970375 
0000380 9.748438 
0000381 9.087313 
0000382 13.96675 
0000392 5.164062 
0000393 7.203625 
0000396 7.208875 
0000403 4.013 
0000404 2.258312 
0000405 5.42725 
0000407 7.286 
0000408 7.067 
0000409 7.709125 
0000414 8.195375 
0000415 6.518188 
0000416 8.237062 
0000417 2.763562 
0000419 2.248812 
0000420 5.06125 
0000421 1.114437 
0000422 7.072125 
0000423 3.668375 
0000430 2.036 
0000431 4.661812 
0000432 5.131938 
0000433 7.199875 
0000434 6.079875 
0000436 2.761812 
0000440 6.734188 
0000441 9.44 
0000442 5.144187 
0000443 1.617687 
0000444 10.03544 
0000445 6.820687 
0000446 0.6470625 
0000453 1.286813 
0000454 7.634188 
0000456 2.33825 
0000457 4.7955 
0000458 7.526563 
0000459 3.87875 
0000460 2.747188 
0000461 4.032375 
0000462 2.152937 
0000463 2.861562 
0000464 2.471562 
0000465 3.507375 
0000466 0.5294375 
0000468 1.781062 
0000469 5.251563 
0000470 2.119375 
0000471 2.1035 
0000472 4.98425 
0000473 7.051875 
0000474 1.550125 
0000475 2.129313 
0000476 3.566187 
0000477 3.933813 
0000478 8.226562 
0000479 3.702688 
0000480 9.807 
0000481 8.142 
0000482 2.147312 
0000483 1.478063 
0000484 3.40075 
0000486 5.108875 
0000487 6.05275 
0000488 4.531813 
0000489 2.939188 
0000490 4.828312 
0000492 4.17775 
0000493 1.2265 
0000494 2.347063 
0000495 1.397063 
0000496 1.060063 
0000497 6.866562 
0000498 2.933875 
0000499 2.525875 
0000500 3.798375 
0000501 4.512813 
0000502 1.622187 
0000503 1.661813 
0000504 4.739375 
0000505 7.44675 
0000506 11.77619 
0000507 10.84625 
0000509 0.88975 
0000510 8.678187 
0000512 2.60725 
0000513 3.0515 
0000514 3.138375 
0000515 4.659625 
0000517 2.403563 
0000518 2.323562 
0000519 4.5515 
0000520 1.7365 
0000521 2.328438 
0000522 2.320625 
0000523 1.568625 
0000524 0.8365 
0000525 4.813875 
0000526 2.973187 
0000527 1.829687 
0000528 0.730625 
0000529 0.9635625 
0000530 12.09775 
0000531 8.203 
0000532 1.727937 
0000533 2.568438 
0000534 1.184125 
0000535 5.474062 
0000536 4.097688 
0000540 6.198625 
0000541 6.419063 
0000542 3.59675 
0000545 5.229813 
0000546 4.9915 
0000547 3.182937 
0000551 0.83825 
0000553 4.538562 
0000556 2.2465 
0000557 1.461875 
0000558 2.01175 
0000559 1.430562 
0000560 6.960688 
0000561 6.8065 
0000562 8.510062 
0000564 0.6441875 
0000565 7.5465 
0000567 5.152375 
0000569 3.075625 
0000570 8.520562 
0000571 9.938125 
0000572 10.79119 
0000574 1.689875 
0000575 4.694125 
0000576 2.626188 
0000577 4.135313 
0000578 3.408813 
0000579 4.881875 
0000581 7.33625 
0000582 9.56975 
0000583 9.62475 
0000585 2.9935 
0000586 5.484875 
0000587 0.6146875 
0000588 3.969875 
0000589 4.944063 
0000590 4.3495 
0000593 7.010625 
0000594 10.73475 
0000595 8.436 
0000596 3.808938 
0000597 2.067625 
0000598 2.20425 
0000599 9.300938 
0000600 12.08669 
0000601 10.92956 
0000602 2.237062 
0000604 6.76575 
0000605 10.94913 
0000606 2.52675 
0000607 5.244 
0000608 5.678 
0000609 2.387312 
0000610 6.445125 
0000611 9.94975 
0000613 6.740188 
0000614 3.057875 
0000615 8.166187 
0000617 4.104 
0000620 4.377625 
0000621 1.850813 
0000622 1.032688 
0000623 5.895563 
0000624 12.65388 
0000626 8.158813 
0000627 2.027875 
0000628 1.94575 
0000629 1.714 
0000630 5.607625 
0000632 1.425 
0000634 3.84325 
0000635 1.425 
0000636 5.887375 
0000637 3.444125 
