0000001 1405 
0000002 296 
0000003 966 
0000004 428 
0000005 541 
0000006 1445 
0000007 555 
0000008 741 
0000009 751 
0000010 725 
0000011 521 
0000012 875 
0000014 208 
0000015 132 
0000016 597 
0000017 282 
0000019 421 
0000023 207 
0000024 506 
0000025 214 
0000026 114 
0000027 484 
0000028 486 
0000029 370 
0000030 218 
0000031 164 
0000032 710 
0000033 1066 
0000034 842 
0000035 1142 
0000036 595 
0000037 467 
0000038 405 
0000039 444 
0000040 568 
0000041 180 
0000042 294 
0000043 820 
0000044 1087 
0000045 559 
0000046 242 
0000047 541 
0000048 100 
0000049 601 
0000050 127 
0000051 103 
0000052 369 
0000053 684 
0000054 124 
0000055 588 
0000056 1026 
0000057 613 
0000058 1068 
0000059 388 
0000060 293 
0000061 225 
0000062 1080 
0000063 219 
0000064 378 
0000065 960 
0000066 323 
0000067 426 
0000068 471 
0000069 308 
0000070 407 
0000071 86 
0000072 555 
0000073 155 
0000074 1510 
0000075 852 
0000076 1431 
0000077 850 
0000078 1098 
0000079 708 
0000081 1420 
0000082 1065 
0000083 845 
0000084 1275 
0000085 1171 
0000086 573 
0000087 1166 
0000088 573 
0000089 897 
0000090 762 
0000091 1545 
0000092 621 
0000093 581 
0000094 333 
0000095 1441 
0000096 344 
0000097 488 
0000098 1096 
0000099 1123 
0000100 241 
0000101 1427 
0000102 467 
0000103 131 
0000104 1073 
0000105 1410 
0000106 1315 
0000107 1292 
0000108 695 
0000109 1113 
0000110 741 
0000111 321 
0000112 646 
0000113 1313 
0000114 429 
0000115 1024 
0000116 511 
0000117 1083 
0000118 1012 
0000119 1433 
0000120 855 
0000121 1665 
0000122 894 
0000123 1387 
0000124 533 
0000126 1119 
0000127 1269 
0000128 106 
0000129 488 
0000130 106 
0000131 962 
0000132 477 
0000133 1123 
0000134 735 
0000135 703 
0000136 181 
0000137 1092 
0000138 632 
0000139 375 
0000140 348 
0000141 530 
0000142 568 
0000143 1249 
0000144 558 
0000145 102 
0000146 324 
0000149 513 
0000150 455 
0000151 626 
0000152 309 
0000153 488 
0000154 1456 
0000155 825 
0000156 423 
0000157 2232 
0000159 1116 
0000160 569 
0000161 299 
0000162 459 
0000163 1008 
0000164 1669 
0000165 291 
0000166 215 
0000167 494 
0000168 823 
0000169 1482 
0000170 1622 
0000171 516 
0000172 1107 
0000173 882 
0000174 940 
0000175 115 
0000176 201 
0000177 227 
0000178 228 
0000179 95 
0000180 244 
0000182 875 
0000183 400 
0000184 699 
0000185 1080 
0000186 520 
0000187 1593 
0000188 422 
0000189 1416 
0000190 504 
0000192 1532 
0000193 1491 
0000194 1190 
0000195 1248 
0000196 1299 
0000197 1125 
0000198 1465 
0000199 924 
0000201 879 
0000202 548 
0000203 1160 
0000204 1121 
0000205 1025 
0000207 991 
0000208 479 
0000214 827 
0000216 754 
0000217 402 
0000218 556 
0000219 452 
0000221 441 
0000222 501 
0000223 1003 
0000224 715 
0000225 218 
0000226 1173 
0000227 842 
0000228 802 
0000229 716 
0000230 804 
0000232 1234 
0000234 887 
0000235 1359 
0000236 1332 
0000240 981 
0000241 801 
0000242 788 
0000243 685 
0000245 753 
0000246 340 
0000247 797 
0000248 1204 
0000249 1408 
0000251 231 
0000252 266 
0000254 362 
0000255 248 
0000256 178 
0000257 518 
0000258 349 
0000259 493 
0000260 638 
0000261 428 
0000262 424 
0000263 362 
0000264 654 
0000265 286 
0000266 296 
0000267 694 
0000268 355 
0000269 311 
0000270 928 
0000271 1412 
0000272 763 
0000273 665 
0000274 384 
0000275 126 
0000276 896 
0000281 1506 
0000282 1049 
0000283 582 
0000284 1072 
0000285 1242 
0000286 1079 
0000287 657 
0000291 446 
0000292 476 
0000293 401 
0000295 808 
0000297 909 
0000298 782 
0000299 907 
0000300 252 
0000301 237 
0000302 558 
0000303 600 
0000304 157 
0000305 271 
0000306 451 
0000307 309 
0000308 284 
0000309 659 
0000311 358 
0000312 507 
0000313 769 
0000314 384 
0000315 425 
0000316 260 
0000317 203 
0000319 393 
0000320 861 
0000321 1204 
0000322 283 
0000323 269 
0000324 538 
0000325 207 
0000326 432 
0000327 508 
0000328 501 
0000329 200 
0000330 630 
0000332 433 
0000333 159 
0000334 286 
0000336 131 
0000337 1208 
0000338 722 
0000343 310 
0000347 623 
0000348 1508 
0000349 805 
0000351 380 
0000353 460 
0000354 167 
0000356 194 
0000359 1406 
0000360 527 
0000361 557 
0000362 260 
0000364 592 
0000365 611 
0000366 393 
0000367 637 
0000368 1154 
0000369 607 
0000372 835 
0000374 464 
0000375 487 
0000377 645 
0000378 395 
0000380 973 
0000381 907 
0000382 1395 
0000392 514 
0000393 718 
0000396 719 
0000403 399 
0000404 224 
0000405 541 
0000407 727 
0000408 705 
0000409 769 
0000414 818 
0000415 650 
0000416 822 
0000417 274 
0000419 223 
0000420 504 
0000421 109 
0000422 705 
0000423 365 
0000430 202 
0000431 464 
0000432 511 
0000433 718 
0000434 606 
0000436 274 
0000440 671 
0000441 942 
0000442 512 
0000443 160 
0000444 1002 
0000445 680 
0000446 63 
0000453 127 
0000454 761 
0000456 232 
0000457 478 
0000458 751 
0000459 386 
0000460 273 
0000461 401 
0000462 213 
0000463 284 
0000464 245 
0000465 349 
0000466 51 
0000468 176 
0000469 523 
0000470 210 
0000471 208 
0000472 496 
0000473 703 
0000474 153 
0000475 211 
0000476 355 
0000477 391 
0000478 821 
0000479 368 
0000480 979 
0000481 812 
0000482 213 
0000483 146 
0000484 338 
0000486 509 
0000487 603 
0000488 451 
0000489 292 
0000490 481 
0000492 416 
0000493 121 
0000494 233 
0000495 138 
0000496 104 
0000497 685 
0000498 291 
0000499 251 
0000500 378 
0000501 449 
0000502 160 
0000503 164 
0000504 472 
0000505 743 
0000506 1176 
0000507 1083 
0000509 87 
0000510 866 
0000512 259 
0000513 303 
0000514 312 
0000515 464 
0000517 238 
0000518 230 
0000519 453 
0000520 172 
0000521 231 
0000522 230 
0000523 155 
0000524 82 
0000525 479 
0000526 295 
0000527 181 
0000528 71 
0000529 94 
0000530 1208 
0000531 818 
0000532 171 
0000533 255 
0000534 116 
0000535 545 
0000536 408 
0000540 618 
0000541 640 
0000542 358 
0000545 521 
0000546 497 
0000547 316 
0000551 82 
0000553 452 
0000556 223 
0000557 144 
0000558 199 
0000559 141 
0000560 694 
0000561 679 
0000562 849 
0000564 62 
0000565 753 
0000567 513 
0000569 306 
0000570 850 
0000571 992 
0000572 1077 
0000574 167 
0000575 467 
0000576 261 
0000577 412 
0000578 339 
0000579 486 
0000581 732 
0000582 955 
0000583 960 
0000585 297 
0000586 546 
0000587 59 
0000588 395 
0000589 492 
0000590 433 
0000593 699 
0000594 1071 
0000595 842 
0000596 379 
0000597 205 
0000598 218 
0000599 928 
0000600 1207 
0000601 1091 
0000602 222 
0000604 675 
0000605 1093 
0000606 251 
0000607 522 
0000608 566 
0000609 237 
0000610 643 
0000611 993 
0000613 672 
0000614 304 
0000615 815 
0000617 408 
0000620 436 
0000621 183 
0000622 101 
0000623 588 
0000624 1263 
0000626 814 
0000627 201 
0000628 193 
0000629 169 
0000630 559 
0000632 141 
0000634 382 
0000635 141 
0000636 587 
0000637 342 
